Irene
Interaction 0
13.674876689910889
70.57736563682556

Interaction 1
7.903571844100952
38.93326783180237

Interaction 2
10.728708744049072
25.96762728691101

Interaction 3
9.486940622329712
40.27709984779358

Interaction 4
6.890162467956543
35.988696575164795

Interaction 5
5.132069110870361
37.94106101989746

Mikolaj
Interaction 0
12.213521480560303
53.713998556137085

Interaction 1
6.453223466873169
38.155909299850464

Interaction 2
9.501457929611206
36.684295654296875

Interaction 3
6.002456903457642
33.6494562625885

Interaction 4
5.915865659713745
34.769596576690674

Interaction 5
6.537225961685181
38.11453676223755

Mikolaj
Interaction 0
6.215827941894531
67.20311689376831

Interaction 1
28.649336099624634
33.55655121803284

Interaction 2
6.537225961685181
38.11453676223755

Alexis
Interaction 0
7.034454584121704
64.90483283996582

Interaction 1
7.371865749359131
38.1168315410614

Interaction 2
6.444802761077881
36.210344076156616

Interaction 3
6.978594064712524
37.99074172973633

Interaction 4
9.937138319015503
25.423283576965332

Interaction 5
29.382584810256958

Alexis
Interaction 0
6.998831748962402
66.6875388622284

Interaction 1
6.070766448974609
36.124098777770996

Interaction 2
7.348536014556885
38.53358054161072

Carla
Interaction 0
10.289308071136475
64.74347972869873

Interaction 1
9.888904809951782
31.122756958007812

Interaction 2
6.164177417755127
34.12848877906799

Interaction 3
7.676146745681763
33.95777630805969

Interaction 4
6.15471339225769
25.931750059127808

Interaction 5
6.237922191619873
36.378745555877686

Interaction 6
Carla
Interaction 0
11.926451683044434
68.13247585296631

Interaction 1
13.159632205963135
37.043177366256714

Interaction 2
9.498700618743896
32.532875061035156

Interaction 3
Aymeric
Interaction 0
9.130658864974976
67.27222442626953

Interaction 1
5.874441385269165
3.004007577896118

Interaction 2
16.26845073699951
25.500170946121216

Interaction 3
7.154216051101685
33.77699089050293

Interaction 4
6.601042032241821
37.65860366821289

Interaction 5
5.840826988220215
35.674225091934204

Interaction 6
Aymeric
Interaction 0
6.143365144729614
67.12492060661316

Interaction 1
9.45474910736084
33.33464789390564

Interaction 2
9.5238676071167
